------------------------------------------------
Total value: 3302380
Total cost: 2581380

0  1001 1
1  1017 17
2  1025 25
3  1046 46
4  1052 52
5  1056 56
6  1063 63
7  1070 70
8  1079 79
9  1108 108
10  1114 114
11  1130 130
12  1151 151
13  1158 158
14  1167 167
15  1172 172
16  1174 174
17  1185 185
18  1208 208
19  1208 208
20  1222 222
21  1237 237
22  1240 240
23  1264 264
24  1267 267
25  1269 269
26  1269 269
27  1274 274
28  1296 296
29  1296 296
30  1326 326
31  1335 335
32  1336 336
33  1349 349
34  1352 352
35  1357 357
36  1384 384
37  1386 386
38  1390 390
39  1390 390
40  1392 392
41  1421 421
42  1427 427
43  1446 446
44  1450 450
45  1458 458
46  1462 462
47  1469 469
48  1478 478
49  1491 491
50  1495 495
51  1514 514
52  1526 526
53  1534 534
54  1542 542
55  1547 547
56  1551 551
57  1556 556
58  1562 562
59  1568 568
60  1570 570
61  1573 573
62  1588 588
63  1588 588
64  1590 590
65  1618 618
66  1628 628
67  1638 638
68  1646 646
69  1654 654
70  1667 667
71  1694 694
72  1696 696
73  1705 705
74  1709 709
75  1741 741
76  1752 752
77  1767 767
78  1775 775
79  1781 781
80  1782 782
81  1784 784
82  1786 786
83  1794 794
84  1819 819
85  1829 829
86  1834 834
87  1866 866
88  1866 866
89  1877 877
90  1880 880
91  1888 888
92  1922 922
93  1928 928
94  1929 929
95  1937 937
96  1942 942
97  1958 958
98  1962 962
99  1975 975
100  1975 975
101  1978 978
102  1985 985
103  1986 986
104  1987 987
105  1988 988
106  1992 992
107  1993 993
108  1997 997
109  2011 1011
110  2022 1022
111  2037 1037
112  2056 1056
113  2067 1067
114  2074 1074
115  2078 1078
116  2086 1086
117  2087 1087
118  2089 1089
119  2090 1090
120  2091 1091
121  2097 1097
122  2121 1121
123  2122 1122
124  2128 1128
125  2129 1129
126  2142 1142
127  2145 1145
128  2146 1146
129  2153 1153
130  2160 1160
131  2162 1162
132  2163 1163
133  2176 1176
134  2181 1181
135  2182 1182
136  2185 1185
137  2201 1201
138  2227 1227
139  2229 1229
140  2250 1250
141  2256 1256
142  2258 1258
143  2260 1260
144  2286 1286
145  2319 1319
146  2337 1337
147  2340 1340
148  2345 1345
149  2348 1348
150  2369 1369
151  2382 1382
152  2389 1389
153  2392 1392
154  2410 1410
155  2416 1416
156  2418 1418
157  2421 1421
158  2424 1424
159  2436 1436
160  2458 1458
161  2475 1475
162  2477 1477
163  2496 1496
164  2496 1496
165  2503 1503
166  2506 1506
167  2507 1507
168  2509 1509
169  2512 1512
170  2530 1530
171  2542 1542
172  2547 1547
173  2555 1555
174  2572 1572
175  2584 1584
176  2585 1585
177  2588 1588
178  2590 1590
179  2598 1598
180  2604 1604
181  2608 1608
182  2619 1619
183  2638 1638
184  2641 1641
185  2649 1649
186  2661 1661
187  2662 1662
188  2692 1692
189  2700 1700
190  2715 1715
191  2720 1720
192  2725 1725
193  2740 1740
194  2753 1753
195  2770 1770
196  2771 1771
197  2776 1776
198  2787 1787
199  2806 1806
200  2808 1808
201  2815 1815
202  2823 1823
203  2828 1828
204  2839 1839
205  2881 1881
206  2896 1896
207  2907 1907
208  2923 1923
209  2927 1927
210  2940 1940
211  2958 1958
212  2972 1972
213  2974 1974
214  3015 2015
215  3017 2017
216  3020 2020
217  3033 2033
218  3037 2037
219  3042 2042
220  3054 2054
221  3063 2063
222  3067 2067
223  3076 2076
224  3082 2082
225  3095 2095
226  3101 2101
227  3115 2115
228  3116 2116
229  3123 2123
230  3141 2141
231  3227 2227
232  3241 2241
233  3253 2253
234  3253 2253
235  3260 2260
236  3260 2260
237  3265 2265
238  3267 2267
239  3299 2299
240  3319 2319
241  3323 2323
242  3325 2325
243  3327 2327
244  3341 2341
245  3341 2341
246  3371 2371
247  3371 2371
248  3391 2391
249  3392 2392
250  3419 2419
251  3444 2444
252  3446 2446
253  3457 2457
254  3476 2476
255  3482 2482
256  3494 2494
257  3497 2497
258  3504 2504
259  3511 2511
260  3513 2513
261  3514 2514
262  3517 2517
263  3535 2535
264  3535 2535
265  3560 2560
266  3627 2627
267  3631 2631
268  3660 2660
269  3684 2684
270  3684 2684
271  3692 2692
272  3698 2698
273  3699 2699
274  3713 2713
275  3722 2722
276  3723 2723
277  3723 2723
278  3732 2732
279  3749 2749
280  3786 2786
281  3806 2806
282  3810 2810
283  3833 2833
284  3850 2850
285  3856 2856
286  3858 2858
287  3863 2863
288  3876 2876
289  3904 2904
290  3906 2906
291  3935 2935
292  3943 2943
293  3959 2959
294  3981 2981
295  3989 2989
296  3997 2997
297  4003 3003
298  4004 3004
299  4009 3009
300  4017 3017
301  4025 3025
302  4030 3030
303  4032 3032
304  4090 3090
305  4091 3091
306  4099 3099
307  4114 3114
308  4119 3119
309  4124 3124
310  4131 3131
311  4131 3131
312  4132 3132
313  4134 3134
314  4150 3150
315  4156 3156
316  4167 3167
317  4179 3179
318  4201 3201
319  4211 3211
320  4213 3213
321  4219 3219
322  4228 3228
323  4229 3229
324  4246 3246
325  4246 3246
326  4248 3248
327  4262 3262
328  4263 3263
329  4271 3271
330  4290 3290
331  4293 3293
332  4319 3319
333  4324 3324
334  4329 3329
335  4330 3330
336  4351 3351
337  4367 3367
338  4381 3381
339  4391 3391
340  4409 3409
341  4411 3411
342  4412 3412
343  4416 3416
344  4433 3433
345  4458 3458
346  4472 3472
347  4486 3486
348  4530 3530
349  4532 3532
350  4537 3537
351  4541 3541
352  4545 3545
353  4554 3554
354  4568 3568
355  4573 3573
356  4574 3574
357  4588 3588
358  4588 3588
359  4597 3597
360  4603 3603
361  4603 3603
362  4624 3624
363  4625 3625
364  4636 3636
365  4648 3648
366  4654 3654
367  4675 3675
368  4678 3678
369  4678 3678
370  4680 3680
371  4701 3701
372  4717 3717
373  4729 3729
374  4741 3741
375  4754 3754
376  4760 3760
377  4764 3764
378  4768 3768
379  4771 3771
380  4791 3791
381  4797 3797
382  4807 3807
383  4843 3843
384  4858 3858
385  4877 3877
386  4879 3879
387  4887 3887
388  4888 3888
389  4893 3893
390  4896 3896
391  4902 3902
392  4915 3915
393  4916 3916
394  4916 3916
395  4918 3918
396  4920 3920
397  4924 3924
398  4947 3947
399  4987 3987
400  5000 4000
401  5022 4022
402  5037 4037
403  5039 4039
404  5041 4041
405  5045 4045
406  5077 4077
407  5080 4080
408  5082 4082
409  5089 4089
410  5113 4113
411  5126 4126
412  5126 4126
413  5129 4129
414  5144 4144
415  5176 4176
416  5185 4185
417  5189 4189
418  5218 4218
419  5219 4219
420  5228 4228
421  5233 4233
422  5239 4239
423  5241 4241
424  5245 4245
425  5275 4275
426  5276 4276
427  5281 4281
428  5292 4292
429  5353 4353
430  5355 4355
431  5378 4378
432  5386 4386
433  5411 4411
434  5416 4416
435  5426 4426
436  5437 4437
437  5445 4445
438  5472 4472
439  5511 4511
440  5519 4519
441  5532 4532
442  5535 4535
443  5546 4546
444  5547 4547
445  5559 4559
446  5567 4567
447  5579 4579
448  5582 4582
449  5589 4589
450  5593 4593
451  5609 4609
452  5620 4620
453  5636 4636
454  5643 4643
455  5654 4654
456  5698 4698
457  5716 4716
458  5723 4723
459  5723 4723
460  5736 4736
461  5759 4759
462  5760 4760
463  5776 4776
464  5783 4783
465  5800 4800
466  5801 4801
467  5802 4802
468  5824 4824
469  5829 4829
470  5841 4841
471  5843 4843
472  5857 4857
473  5871 4871
474  5883 4883
475  5901 4901
476  5905 4905
477  5919 4919
478  5925 4925
479  5934 4934
480  5939 4939
481  5962 4962
482  5969 4969
483  5977 4977
484  5977 4977
485  5981 4981
486  6001 5001
487  6014 5014
488  6038 5038
489  6074 5074
490  6087 5087
491  6088 5088
492  6104 5104
493  6105 5105
494  6108 5108
495  6108 5108
496  6140 5140
497  6153 5153
498  6155 5155
499  6163 5163
500  6178 5178
501  6179 5179
502  6188 5188
503  6192 5192
504  6197 5197
505  6206 5206
506  6209 5209
507  6211 5211
508  6226 5226
509  6226 5226
510  6228 5228
511  6228 5228
512  6243 5243
513  6247 5247
514  6249 5249
515  6250 5250
516  6254 5254
517  6261 5261
518  6283 5283
519  6290 5290
520  6300 5300
521  6306 5306
522  6316 5316
523  6325 5325
524  6330 5330
525  6333 5333
526  6343 5343
527  6367 5367
528  6381 5381
529  6406 5406
530  6418 5418
531  6426 5426
532  6428 5428
533  6430 5430
534  6435 5435
535  6446 5446
536  6456 5456
537  6479 5479
538  6483 5483
539  6494 5494
540  6508 5508
541  6515 5515
542  6522 5522
543  6525 5525
544  6539 5539
545  6541 5541
546  6551 5551
547  6572 5572
548  6582 5582
549  6582 5582
550  6582 5582
551  6584 5584
552  6594 5594
553  6596 5596
554  6598 5598
555  6612 5612
556  6615 5615
557  6639 5639
558  6652 5652
559  6654 5654
560  6659 5659
561  6672 5672
562  6678 5678
563  6680 5680
564  6686 5686
565  6694 5694
566  6709 5709
567  6717 5717
568  6719 5719
569  6740 5740
570  6742 5742
571  6752 5752
572  6766 5766
573  6774 5774
574  6775 5775
575  6776 5776
576  6798 5798
577  6802 5802
578  6819 5819
579  6819 5819
580  6828 5828
581  6836 5836
582  6838 5838
583  6852 5852
584  6857 5857
585  6867 5867
586  6884 5884
587  6886 5886
588  6892 5892
589  6905 5905
590  6912 5912
591  6955 5955
592  6963 5963
593  6968 5968
594  6984 5984
595  7010 6010
596  7015 6015
597  7020 6020
598  7031 6031
599  7035 6035
600  7037 6037
601  7041 6041
602  7045 6045
603  7047 6047
604  7048 6048
605  7050 6050
606  7052 6052
607  7052 6052
608  7055 6055
609  7061 6061
610  7062 6062
611  7080 6080
612  7093 6093
613  7097 6097
614  7101 6101
615  7111 6111
616  7115 6115
617  7119 6119
618  7137 6137
619  7141 6141
620  7147 6147
621  7152 6152
622  7152 6152
623  7155 6155
624  7158 6158
625  7168 6168
626  7174 6174
627  7176 6176
628  7181 6181
629  7184 6184
630  7185 6185
631  7185 6185
632  7191 6191
633  7194 6194
634  7204 6204
635  7205 6205
636  7209 6209
637  7223 6223
638  7248 6248
639  7255 6255
640  7279 6279
641  7279 6279
642  7295 6295
643  7317 6317
644  7320 6320
645  7326 6326
646  7364 6364
647  7366 6366
648  7370 6370
649  7427 6427
650  7438 6438
651  7466 6466
652  7467 6467
653  7470 6470
654  7471 6471
655  7475 6475
656  7493 6493
657  7501 6501
658  7503 6503
659  7509 6509
660  7512 6512
661  7516 6516
662  7536 6536
663  7539 6539
664  7547 6547
665  7550 6550
666  7554 6554
667  7556 6556
668  7557 6557
669  7586 6586
670  7591 6591
671  7599 6599
672  7602 6602
673  7616 6616
674  7621 6621
675  7623 6623
676  7635 6635
677  7638 6638
678  7646 6646
679  7676 6676
680  7677 6677
681  7679 6679
682  7680 6680
683  7681 6681
684  7685 6685
685  7689 6689
686  7697 6697
687  7702 6702
688  7731 6731
689  7754 6754
690  7764 6764
691  7776 6776
692  7791 6791
693  7800 6800
694  7809 6809
695  7812 6812
696  7814 6814
697  7830 6830
698  7853 6853
699  7861 6861
700  7873 6873
701  7874 6874
702  7885 6885
703  7891 6891
704  7892 6892
705  7898 6898
706  7904 6904
707  7906 6906
708  7913 6913
709  7914 6914
710  7917 6917
711  7932 6932
712  7933 6933
713  7935 6935
714  7951 6951
715  7961 6961
716  7981 6981
717  7983 6983
718  7991 6991
743  8295 7295
1023  10975 9975

Time to completion: 600.012 seconds.
