------------------------------------------------
Total value: 1686654
Total cost: 1329654

0  1001 1
1  1046 46
2  1056 56
3  1079 79
4  1114 114
5  1151 151
6  1158 158
7  1172 172
8  1174 174
9  1208 208
10  1237 237
11  1264 264
12  1267 267
13  1269 269
14  1269 269
15  1296 296
16  1296 296
17  1326 326
18  1335 335
19  1384 384
20  1390 390
21  1390 390
22  1392 392
23  1421 421
24  1427 427
25  1526 526
26  1542 542
27  1568 568
28  1570 570
29  1573 573
30  1588 588
31  1588 588
32  1618 618
33  1638 638
34  1667 667
35  1694 694
36  1705 705
37  1767 767
38  1775 775
39  1784 784
40  1786 786
41  1819 819
42  1829 829
43  1866 866
44  1880 880
45  1922 922
46  1937 937
47  1958 958
48  1975 975
49  1975 975
50  1997 997
51  2011 1011
52  2022 1022
53  2056 1056
54  2067 1067
55  2074 1074
56  2087 1087
57  2091 1091
58  2097 1097
59  2122 1122
60  2128 1128
61  2129 1129
62  2142 1142
63  2181 1181
64  2227 1227
65  2250 1250
66  2319 1319
67  2337 1337
68  2345 1345
69  2348 1348
70  2369 1369
71  2392 1392
72  2416 1416
73  2477 1477
74  2496 1496
75  2496 1496
76  2507 1507
77  2509 1509
78  2512 1512
79  2542 1542
80  2547 1547
81  2590 1590
82  2598 1598
83  2604 1604
84  2619 1619
85  2641 1641
86  2662 1662
87  2692 1692
88  2700 1700
89  2715 1715
90  2725 1725
91  2753 1753
92  2770 1770
93  2771 1771
94  2808 1808
95  2823 1823
96  2881 1881
97  2896 1896
98  2923 1923
99  2940 1940
100  2958 1958
101  3020 2020
102  3042 2042
103  3054 2054
104  3076 2076
105  3082 2082
106  3095 2095
107  3101 2101
108  3115 2115
109  3116 2116
110  3123 2123
111  3241 2241
112  3253 2253
113  3260 2260
114  3327 2327
115  3341 2341
116  3341 2341
117  3371 2371
118  3391 2391
119  3419 2419
120  3444 2444
121  3476 2476
122  3504 2504
123  3511 2511
124  3513 2513
125  3514 2514
126  3535 2535
127  3627 2627
128  3631 2631
129  3660 2660
130  3684 2684
131  3722 2722
132  3723 2723
133  3810 2810
134  3863 2863
135  3876 2876
136  3943 2943
137  3959 2959
138  3989 2989
139  3997 2997
140  4003 3003
141  4004 3004
142  4017 3017
143  4099 3099
144  4124 3124
145  4134 3134
146  4156 3156
147  4167 3167
148  4179 3179
149  4201 3201
150  4211 3211
151  4213 3213
152  4219 3219
153  4248 3248
154  4262 3262
155  4293 3293
156  4330 3330
157  4391 3391
158  4411 3411
159  4412 3412
160  4472 3472
161  4486 3486
162  4530 3530
163  4537 3537
164  4545 3545
165  4554 3554
166  4568 3568
167  4603 3603
168  4603 3603
169  4624 3624
170  4636 3636
171  4678 3678
172  4678 3678
173  4680 3680
174  4701 3701
175  4717 3717
176  4754 3754
177  4760 3760
178  4764 3764
179  4768 3768
180  4797 3797
181  4843 3843
182  4858 3858
183  4879 3879
184  4893 3893
185  4896 3896
186  4915 3915
187  4947 3947
188  4987 3987
189  5000 4000
190  5022 4022
191  5037 4037
192  5039 4039
193  5041 4041
194  5077 4077
195  5082 4082
196  5113 4113
197  5126 4126
198  5129 4129
199  5176 4176
200  5239 4239
201  5241 4241
202  5276 4276
203  5281 4281
204  5292 4292
205  5378 4378
206  5411 4411
207  5426 4426
208  5437 4437
209  5445 4445
210  5519 4519
211  5567 4567
212  5579 4579
213  5589 4589
214  5609 4609
215  5636 4636
216  5698 4698
217  5723 4723
218  5723 4723
219  5760 4760
220  5776 4776
221  5800 4800
222  5801 4801
223  5802 4802
224  5824 4824
225  5829 4829
226  5905 4905
227  5939 4939
228  5977 4977
229  5977 4977
230  5981 4981
231  6001 5001
232  6014 5014
233  6038 5038
234  6104 5104
235  6108 5108
236  6155 5155
237  6178 5178
238  6192 5192
239  6197 5197
240  6209 5209
241  6211 5211
242  6226 5226
243  6243 5243
244  6247 5247
245  6249 5249
246  6254 5254
247  6261 5261
248  6290 5290
249  6306 5306
250  6325 5325
251  6330 5330
252  6367 5367
253  6381 5381
254  6446 5446
255  6456 5456
256  6483 5483
257  6508 5508
258  6522 5522
259  6525 5525
260  6541 5541
261  6551 5551
262  6582 5582
263  6584 5584
264  6594 5594
265  6596 5596
266  6612 5612
267  6654 5654
268  6672 5672
269  6680 5680
270  6686 5686
271  6694 5694
272  6709 5709
273  6717 5717
274  6719 5719
275  6752 5752
276  6776 5776
277  6798 5798
278  6802 5802
279  6838 5838
280  6857 5857
281  6867 5867
282  6905 5905
283  6968 5968
284  7010 6010
285  7031 6031
286  7035 6035
287  7037 6037
288  7045 6045
289  7047 6047
290  7055 6055
291  7061 6061
292  7062 6062
293  7097 6097
294  7101 6101
295  7111 6111
296  7119 6119
297  7137 6137
298  7152 6152
299  7158 6158
300  7174 6174
301  7181 6181
302  7185 6185
303  7191 6191
304  7194 6194
305  7204 6204
306  7205 6205
307  7209 6209
308  7223 6223
309  7248 6248
310  7279 6279
311  7326 6326
312  7438 6438
313  7466 6466
314  7470 6470
315  7475 6475
316  7503 6503
317  7516 6516
318  7550 6550
319  7554 6554
320  7586 6586
321  7646 6646
322  7677 6677
323  7679 6679
324  7681 6681
325  7685 6685
326  7689 6689
327  7702 6702
328  7776 6776
329  7800 6800
330  7809 6809
331  7812 6812
332  7814 6814
333  7830 6830
334  7861 6861
335  7873 6873
336  7874 6874
337  7885 6885
338  7891 6891
339  7898 6898
340  7906 6906
341  7913 6913
342  7933 6933
343  7961 6961
344  7981 6981
345  7983 6983
346  8030 7030
347  8059 7059
348  8062 7062
349  8074 7074
350  8112 7112
351  8131 7131
352  8135 7135
353  8145 7145
356  8187 7187
510  10963 9963
511  10970 9970

Time to completion: 600.004 seconds.
