------------------------------------------------
Total value: 1532832
Total cost: 1278832

0  1001 1
1  1017 17
2  1025 25
3  1046 46
4  1052 52
6  1063 63
7  1070 70
10  1114 114
11  1130 130
14  1167 167
15  1172 172
33  1349 349
35  1357 357
42  1427 427
43  1446 446
46  1462 462
65  1618 618
68  1646 646
70  1667 667
74  1709 709
77  1767 767
96  1942 942
99  1975 975
100  1975 975
101  1978 978
104  1987 987
131  2162 1162
132  2163 1163
133  2176 1176
134  2181 1181
135  2182 1182
136  2185 1185
137  2201 1201
139  2229 1229
141  2256 1256
142  2258 1258
161  2475 1475
163  2496 1496
166  2506 1506
167  2507 1507
170  2530 1530
171  2542 1542
172  2547 1547
192  2725 1725
194  2753 1753
195  2770 1770
197  2776 1776
198  2787 1787
201  2815 1815
203  2828 1828
205  2881 1881
206  2896 1896
207  2907 1907
224  3082 2082
225  3095 2095
226  3101 2101
230  3141 2141
231  3227 2227
232  3241 2241
233  3253 2253
237  3265 2265
239  3299 2299
257  3497 2497
258  3504 2504
259  3511 2511
262  3517 2517
263  3535 2535
265  3560 2560
267  3631 2631
270  3684 2684
271  3692 2692
293  3959 2959
294  3981 2981
295  3989 2989
301  4025 3025
302  4030 3030
303  4032 3032
320  4213 3213
325  4246 3246
327  4262 3262
328  4263 3263
330  4290 3290
332  4319 3319
333  4324 3324
334  4329 3329
335  4330 3330
356  4574 3574
357  4588 3588
358  4588 3588
359  4597 3597
367  4675 3675
385  4877 3877
386  4879 3879
387  4887 3887
388  4888 3888
390  4896 3896
391  4902 3902
392  4915 3915
393  4916 3916
394  4916 3916
397  4924 3924
399  4987 3987
416  5185 4185
418  5218 4218
422  5239 4239
426  5276 4276
427  5281 4281
430  5355 4355
431  5378 4378
450  5593 4593
453  5636 4636
456  5698 4698
459  5723 4723
480  5939 4939
482  5969 4969
483  5977 4977
484  5977 4977
485  5981 4981
486  6001 5001
490  6087 5087
491  6088 5088
492  6104 5104
494  6108 5108
517  6261 5261
518  6283 5283
520  6300 5300
523  6325 5325
524  6330 5330
526  6343 5343
527  6367 5367
550  6582 5582
553  6596 5596
554  6598 5598
556  6615 5615
557  6639 5639
577  6802 5802
579  6819 5819
580  6828 5828
584  6857 5857
585  6867 5867
586  6884 5884
587  6886 5886
589  6905 5905
590  6912 5912
591  6955 5955
608  7055 6055
610  7062 6062
611  7080 6080
613  7097 6097
614  7101 6101
617  7119 6119
618  7137 6137
619  7141 6141
621  7152 6152
623  7155 6155
640  7279 6279
646  7364 6364
647  7366 6366
648  7370 6370
650  7438 6438
651  7466 6466
653  7470 6470
655  7475 6475
672  7602 6602
673  7616 6616
676  7635 6635
681  7679 6679
682  7680 6680
685  7689 6689
686  7697 6697
704  7892 6892
705  7898 6898
707  7906 6906
708  7913 6913
709  7914 6914
710  7917 6917
711  7932 6932
712  7933 6933
718  7991 6991
719  8030 7030
736  8181 7181
737  8187 7187
739  8226 7226
740  8226 7226
743  8295 7295
744  8308 7308
746  8315 7315
747  8329 7329
748  8331 7331
749  8356 7356
751  8360 7360
768  8528 7528
770  8551 7551
771  8587 7587
772  8594 7594
773  8602 7602
777  8613 7613
778  8636 7636
779  8637 7637
780  8637 7637
781  8642 7642
783  8650 7650
800  8879 7879
803  8904 7904
807  8950 7950
808  8965 7965
811  9005 8005
812  9006 8006
813  9017 8017
814  9042 8042
835  9176 8176
837  9187 8187
838  9198 8198
842  9215 8215
845  9250 8250
846  9292 8292
864  9400 8400
866  9449 8449
867  9460 8460
874  9554 8554
875  9574 8574
877  9588 8588
878  9597 8597
896  9751 8751
898  9763 8763
899  9781 8781
902  9819 8819
903  9848 8848
904  9850 8850
905  9851 8851
906  9861 8861
909  9885 8885
911  9893 8893
929  10109 9109
935  10164 9164
938  10186 9186
939  10188 9188
941  10219 9219
961  10356 9356
964  10396 9396
966  10407 9407
967  10410 9410
968  10412 9412
969  10439 9439
971  10459 9459
973  10466 9466
993  10722 9722
995  10747 9747
998  10763 9763
1000  10780 9780
1002  10806 9806
1003  10819 9819
1006  10858 9858
1023  10975 9975

Time to completion: 1006.4 seconds.
